G17
B : 3.02912 kcal/mol
Un : 8.95058

G19 : 
B : 4.14854 kcal/mol
Un : 4.10699 kcal/mol

G20 :
B : 4.52562 kcal/mol
Un :  1.38886 kcal/mol